Args in experiment:
args
Namespace(is_training=1, train_only=False, model_id='Exchange_336_96', model='Linear', data='custom', root_path='dataset\\exchange_rate\\', data_path='exchange_rate.csv', features='M', target='OT', freq='h', checkpoints='./checkpoints/', seq_len=336, label_len=48, pred_len=96, individual=False, embed_type=0, enc_in=8, dec_in=7, c_out=7, d_model=512, n_heads=8, e_layers=2, d_layers=1, d_ff=2048, moving_avg=25, factor=1, distil=True, dropout=0.05, embed='timeF', activation='gelu', output_attention=False, do_predict=False, num_workers=10, itr=1, train_epochs=10, batch_size=8, patience=3, learning_rate=0.0005, des="'Exp'", loss='mse', lradj='type1', use_amp=False)
__read_data__
self.set_type : 0
total : 7588
['date', '0', '1', '2', '3', '4', '5', '6', 'OT']
['0', '1', '2', '3', '4', '5', '6', 'OT']
num_train : 5311
num_test  : 1517
num_vali  : 760
border1s  : [0, 4975, 5735]
border2s  : [5311, 6071, 7588]
border1  : 0
border2  : 5311
df_raw  :                  date         0         1  ...         5         6        OT
0       1990/1/1 0:00  0.785500  1.611000  ...  0.006838  0.525486  0.593000
1       1990/1/2 0:00  0.781800  1.610000  ...  0.006863  0.523972  0.594000
2       1990/1/3 0:00  0.786700  1.629300  ...  0.006975  0.526316  0.597300
3       1990/1/4 0:00  0.786000  1.637000  ...  0.006953  0.523834  0.597000
4       1990/1/5 0:00  0.784900  1.653000  ...  0.006940  0.527426  0.598500
...               ...       ...       ...  ...       ...       ...       ...
7583   2010/10/6 0:00  0.718494  1.222195  ...  0.008500  0.688565  0.690846
7584   2010/10/7 0:00  0.721839  1.223459  ...  0.008595  0.690288  0.695701
7585   2010/10/8 0:00  0.723197  1.234111  ...  0.008562  0.691419  0.695943
7586   2010/10/9 0:00  0.720825  1.233905  ...  0.008555  0.690942  0.692689
7587  2010/10/10 0:00  0.720825  1.233905  ...  0.008555  0.690942  0.692689

[7588 rows x 9 columns]
cols_data  : Index(['0', '1', '2', '3', '4', '5', '6', 'OT'], dtype='object')
df_data  :              0         1         2  ...         5         6        OT
0     0.785500  1.611000  0.861698  ...  0.006838  0.525486  0.593000
1     0.781800  1.610000  0.861104  ...  0.006863  0.523972  0.594000
2     0.786700  1.629300  0.861030  ...  0.006975  0.526316  0.597300
3     0.786000  1.637000  0.862069  ...  0.006953  0.523834  0.597000
4     0.784900  1.653000  0.861995  ...  0.006940  0.527426  0.598500
...        ...       ...       ...  ...       ...       ...       ...
7583  0.718494  1.222195  0.737485  ...  0.008500  0.688565  0.690846
7584  0.721839  1.223459  0.741155  ...  0.008595  0.690288  0.695701
7585  0.723197  1.234111  0.745184  ...  0.008562  0.691419  0.695943
7586  0.720825  1.233905  0.744131  ...  0.008555  0.690942  0.692689
7587  0.720825  1.233905  0.744131  ...  0.008555  0.690942  0.692689

[7588 rows x 8 columns]
data  : [[ 6.06784680e-01 -3.61671082e-01  7.35366905e-01 ... -1.86136865e+00
  -1.82004728e+00 -1.24081123e-01]
 [ 5.70899845e-01 -3.67639130e-01  7.29629387e-01 ... -1.83866505e+00
  -1.84725758e+00 -1.13587888e-01]
 [ 6.18423005e-01 -2.52455809e-01  7.28914612e-01 ... -1.73695292e+00
  -1.80513013e+00 -7.89602130e-02]
 ...
 [ 2.53255005e-03 -2.61096262e+00 -3.90055858e-01 ... -2.95728356e-01
   1.16217725e+00  9.56123951e-01]
 [-2.04725388e-02 -2.61219203e+00 -4.00226912e-01 ... -3.02085364e-01
   1.15360439e+00  9.21978964e-01]
 [-2.04725388e-02 -2.61219203e+00 -4.00226912e-01 ... -3.02085364e-01
   1.15360439e+00  9.21978964e-01]]
df_stamp  :                 date
0      1990/1/1 0:00
1      1990/1/2 0:00
2      1990/1/3 0:00
3      1990/1/4 0:00
4      1990/1/5 0:00
...              ...
5306  2004/7/12 0:00
5307  2004/7/13 0:00
5308  2004/7/14 0:00
5309  2004/7/15 0:00
5310  2004/7/16 0:00

[5311 rows x 1 columns]
df_stamp  :            date
0    1990-01-01
1    1990-01-02
2    1990-01-03
3    1990-01-04
4    1990-01-05
...         ...
5306 2004-07-12
5307 2004-07-13
5308 2004-07-14
5309 2004-07-15
5310 2004-07-16

[5311 rows x 1 columns]
timeenc  : 1
df_stamp  : DatetimeIndex(['1990-01-01', '1990-01-02', '1990-01-03', '1990-01-04',
               '1990-01-05', '1990-01-06', '1990-01-07', '1990-01-08',
               '1990-01-09', '1990-01-10',
               ...
               '2004-07-07', '2004-07-08', '2004-07-09', '2004-07-10',
               '2004-07-11', '2004-07-12', '2004-07-13', '2004-07-14',
               '2004-07-15', '2004-07-16'],
              dtype='datetime64[ns]', length=5311, freq=None)
data_stamp  : [[-0.5        -0.5        -0.5        ... -0.5        -0.5
  -0.5       ]
 [-0.5        -0.33333333 -0.16666667 ... -0.16666667  0.
   0.16666667]
 [-0.5        -0.46666667 -0.43333333 ... -0.06666667 -0.03333333
   0.        ]
 [-0.5        -0.49726027 -0.49452055 ...  0.03424658  0.0369863
   0.03972603]]
data_stamp  : [[-0.5        -0.5        -0.5        -0.5       ]
 [-0.5        -0.33333333 -0.46666667 -0.49726027]
 [-0.5        -0.16666667 -0.43333333 -0.49452055]
 ...
 [-0.5        -0.16666667 -0.06666667  0.03424658]
 [-0.5         0.         -0.03333333  0.0369863 ]
 [-0.5         0.16666667  0.          0.03972603]]
train 4880
Data saved to exchangeRatesData.csv
